0 1
0 2
0 3
0 4
1 652
1 2
1 653
1 654
1 655
2 3
2 832
2 4
2 342
3 106
4 509
4 796
4 765
4 654
5 6
5 7
5 8
5 9
5 10
5 11
5 12
5 13
5 14
5 15
6 50
6 252
6 261
6 51
6 542
6 234
6 272
6 206
6 7
6 267
6 543
6 10
6 212
6 274
6 12
6 14
6 118
6 645
6 673
6 15
7 101
7 103
7 145
7 146
7 147
7 258
7 270
7 50
7 120
7 275
7 102
7 252
7 237
7 276
7 277
7 51
7 280
7 281
7 548
7 376
7 282
7 283
7 25
7 46
7 284
7 285
7 286
7 377
7 622
7 378
7 288
7 379
7 289
7 234
7 272
7 290
7 292
7 206
7 293
7 262
7 295
7 381
7 296
7 382
7 297
7 187
7 706
7 8
7 408
7 298
7 299
7 385
7 9
7 386
7 301
7 302
7 303
7 387
7 142
7 388
7 707
7 210
7 389
7 304
7 256
7 10
7 212
7 213
7 475
7 26
7 307
7 308
7 488
7 411
7 309
7 390
7 310
7 311
7 12
7 489
7 312
7 313
7 708
7 257
7 315
7 709
7 316
7 318
7 392
7 492
7 319
7 412
7 413
7 320
7 321
7 322
7 259
7 710
7 325
7 326
7 711
7 393
7 394
7 14
7 518
7 329
7 395
7 330
7 331
7 712
7 713
7 396
7 714
7 332
7 96
7 333
7 715
7 399
7 400
7 334
7 547
7 225
7 335
7 117
7 118
7 634
7 30
7 471
7 338
7 339
7 340
7 341
7 342
7 716
7 136
7 570
7 343
7 87
7 344
7 430
7 345
7 100
7 497
7 247
7 406
7 346
7 15
8 104
8 272
8 10
8 214
8 259
8 13
8 634
8 645
8 15
9 50
9 102
9 51
9 25
9 114
9 798
9 10
9 12
9 642
9 118
9 645
9 217
9 15
10 265
10 271
10 25
10 46
10 272
10 640
10 187
10 802
10 210
10 543
10 11
10 274
10 12
10 269
10 414
10 14
10 216
10 831
10 217
10 176
10 15
11 88
11 50
11 440
11 51
11 211
11 774
11 484
11 12
11 493
11 116
11 96
11 118
11 99
11 217
11 109
12 24
12 103
12 145
12 146
12 270
12 50
12 120
12 372
12 417
12 122
12 440
12 276
12 277
12 278
12 279
12 51
12 280
12 281
12 548
12 282
12 283
12 284
12 285
12 286
12 287
12 288
12 379
12 289
12 290
12 291
12 292
12 424
12 294
12 295
12 296
12 382
12 297
12 706
12 766
12 298
12 299
12 300
12 301
12 302
12 303
12 142
12 388
12 210
12 825
12 389
12 304
12 256
12 484
12 486
12 213
12 26
12 305
12 307
12 308
12 390
12 310
12 311
12 867
12 312
12 708
12 315
12 316
12 317
12 318
12 392
12 492
12 319
12 868
12 320
12 321
12 493
12 869
12 322
12 323
12 259
12 710
12 325
12 326
12 327
12 711
12 393
12 328
12 329
12 330
12 712
12 397
12 332
12 398
12 333
12 334
12 335
12 336
12 117
12 118
12 870
12 30
12 471
12 339
12 340
12 342
12 136
12 87
12 344
12 345
12 247
12 109
12 346
12 15
13 15
14 233
14 252
14 261
14 51
14 542
14 234
14 272
14 206
14 207
14 267
14 543
14 212
14 213
14 274
14 903
14 634
14 471
14 340
14 645
14 636
14 673
14 15
15 119
15 161
15 104
15 236
15 270
15 50
15 120
15 275
15 372
15 252
15 440
15 465
15 276
15 277
15 149
15 51
15 499
15 53
15 462
15 542
15 281
15 205
15 283
15 25
15 46
15 285
15 105
15 289
15 272
15 290
15 206
15 293
15 262
15 295
15 381
15 296
15 382
15 740
15 297
15 500
15 207
15 784
15 408
15 409
15 298
15 299
15 744
15 799
15 802
15 300
15 302
15 303
15 142
15 814
15 210
15 168
15 304
15 256
15 211
15 798
15 543
15 486
15 845
15 487
15 212
15 213
15 847
15 305
15 307
15 169
15 441
15 411
15 274
15 311
15 491
15 887
15 314
15 316
15 317
15 318
15 392
15 492
15 319
15 321
15 869
15 144
15 215
15 894
15 324
15 259
15 897
15 820
15 821
15 106
15 642
15 331
15 332
15 776
15 192
15 193
15 96
15 822
15 334
15 547
15 225
15 29
15 216
15 335
15 238
15 336
15 117
15 118
15 870
15 916
15 30
15 337
15 471
15 338
15 918
15 339
15 340
15 341
15 342
15 716
15 136
15 644
15 343
15 87
15 646
15 344
15 430
15 645
15 345
15 100
15 403
15 247
15 217
15 346
15 175
15 176
15 44
15 571
16 17
16 18
16 19
16 20
16 21
16 22
16 23
17 60
17 148
17 121
17 149
17 56
17 150
17 62
17 20
17 151
17 65
17 68
17 78
17 152
17 70
17 153
17 154
17 95
17 40
17 72
17 73
17 74
17 23
17 155
17 75
17 136
17 87
17 76
17 59
17 41
17 79
18 60
18 150
18 20
18 65
18 21
18 66
18 153
18 72
18 76
19 60
19 150
19 20
19 65
19 66
19 68
19 22
19 70
19 153
19 72
19 136
19 87
19 76
20 60
20 119
20 123
20 62
20 759
20 207
20 474
20 65
20 21
20 78
20 22
20 70
20 153
20 95
20 776
20 364
20 75
20 87
20 478
20 76
20 79
21 65
21 66
21 70
21 154
21 72
21 74
21 87
21 76
22 127
22 65
22 66
22 68
22 70
22 153
22 132
22 72
22 75
22 76
23 62
23 65
23 68
23 78
23 70
23 72
23 59
23 79
24 25
24 26
24 27
24 28
24 29
24 30
24 31
25 38
25 156
25 120
25 275
25 277
25 51
25 53
25 281
25 283
25 46
25 285
25 289
25 290
25 293
25 262
25 295
25 296
25 382
25 297
25 298
25 299
25 301
25 302
25 303
25 387
25 142
25 210
25 304
25 256
25 212
25 213
25 39
25 26
25 307
25 27
25 411
25 428
25 316
25 317
25 392
25 492
25 319
25 259
25 159
25 331
25 569
25 332
25 547
25 225
25 335
25 117
25 30
25 338
25 340
25 341
25 342
25 570
25 343
25 344
25 345
25 100
25 247
25 346
25 571
26 456
26 51
26 187
26 457
26 550
26 30
26 172
26 497
27 305
27 459
27 28
27 855
27 335
27 30
27 856
27 857
27 497
28 459
28 30
28 497
29 258
29 51
29 206
29 912
29 332
29 30
29 31
29 598
29 645
29 497
30 50
30 51
30 118
30 31
30 217
31 258
31 236
31 252
31 51
31 46
31 206
31 43
31 212
31 588
31 415
31 912
31 332
31 238
31 598
31 599
31 920
31 44
32 33
32 34
32 35
32 36
32 37
33 139
33 239
33 34
33 105
33 240
33 241
33 242
33 243
33 244
33 35
33 245
33 140
33 246
33 247
34 239
34 436
34 105
34 206
34 240
34 242
34 450
34 126
34 426
34 213
34 243
34 244
34 35
34 451
34 369
34 452
34 370
34 453
34 238
34 36
34 37
34 140
34 99
34 454
34 246
34 455
34 247
35 37
36 139
36 239
36 105
36 240
36 243
36 244
36 140
36 246
37 139
37 239
37 105
37 266
37 240
37 241
37 242
37 243
37 244
37 140
37 246
38 39
38 40
38 41
39 156
39 152
39 158
39 159
39 569
39 40
39 41
40 183
40 68
40 152
40 158
40 569
40 196
41 156
41 647
41 569
41 196
42 43
42 44
43 232
43 358
43 162
43 511
43 163
43 614
43 164
43 165
43 206
43 719
43 167
43 809
43 835
43 48
43 836
43 837
43 748
43 170
43 838
43 839
43 173
43 840
43 174
43 841
43 44
43 842
43 177
44 104
44 232
44 358
44 162
44 456
44 511
44 46
44 163
44 164
44 165
44 206
44 719
44 166
44 167
44 800
44 809
44 168
44 212
44 457
44 835
44 169
44 879
44 47
44 48
44 836
44 321
44 215
44 837
44 359
44 748
44 820
44 460
44 821
44 170
44 171
44 838
44 801
44 216
44 238
44 915
44 916
44 823
44 839
44 172
44 173
44 920
44 840
44 605
44 824
44 607
44 174
44 175
44 176
44 842
44 177
45 46
45 47
45 48
46 161
46 351
46 252
46 423
46 512
46 532
46 545
46 572
46 289
46 206
46 573
46 166
46 574
46 575
46 576
46 577
46 578
46 210
46 168
46 389
46 304
46 579
46 256
46 418
46 580
46 581
46 212
46 582
46 457
46 169
46 583
46 47
46 584
46 48
46 585
46 586
46 413
46 587
46 588
46 170
46 154
46 589
46 590
46 591
46 592
46 593
46 594
46 595
46 596
46 597
46 172
46 598
46 599
46 600
46 601
46 602
46 603
46 604
46 605
46 606
46 254
46 607
46 217
46 608
47 201
47 251
47 351
47 252
47 423
47 532
47 545
47 572
47 206
47 573
47 575
47 577
47 578
47 579
47 580
47 581
47 582
47 848
47 854
47 583
47 584
47 48
47 585
47 253
47 587
47 170
47 880
47 881
47 882
47 590
47 883
47 591
47 592
47 593
47 595
47 884
47 885
47 596
47 597
47 886
47 600
47 601
47 602
47 603
47 604
47 606
47 254
47 607
47 175
48 252
48 166
48 593
49 50
49 51
50 103
50 270
50 120
50 275
50 276
50 277
50 149
50 278
50 279
50 51
50 280
50 281
50 282
50 283
50 284
50 285
50 286
50 287
50 288
50 289
50 234
50 290
50 291
50 292
50 293
50 262
50 294
50 295
50 296
50 297
50 298
50 299
50 300
50 301
50 302
50 303
50 142
50 210
50 304
50 256
50 212
50 213
50 305
50 306
50 307
50 308
50 309
50 310
50 311
50 312
50 313
50 314
50 315
50 316
50 317
50 318
50 319
50 320
50 321
50 322
50 323
50 215
50 324
50 259
50 325
50 326
50 327
50 106
50 328
50 329
50 330
50 331
50 332
50 96
50 333
50 334
50 225
50 335
50 238
50 336
50 117
50 118
50 337
50 338
50 339
50 340
50 341
50 342
50 343
50 344
50 345
50 100
50 247
50 346
51 104
51 235
51 270
51 120
51 417
51 122
51 434
51 277
51 149
51 53
51 283
51 289
51 290
51 481
51 293
51 262
51 295
51 381
51 382
51 113
51 297
51 207
51 482
51 298
51 299
51 209
51 300
51 301
51 302
51 303
51 387
51 483
51 142
51 114
51 304
51 256
51 67
51 484
51 485
51 486
51 487
51 213
51 305
51 306
51 307
51 488
51 309
51 311
51 489
51 490
51 491
51 316
51 317
51 318
51 392
51 492
51 319
51 321
51 493
51 215
51 324
51 259
51 494
51 331
51 332
51 192
51 216
51 335
51 495
51 238
51 496
51 117
51 118
51 337
51 338
51 339
51 340
51 342
51 87
51 344
51 430
51 345
51 100
51 497
51 247
51 217
51 498
51 346
52 53
52 54
53 110
53 218
53 501
53 502
53 503
53 220
53 504
53 505
53 221
53 222
53 506
53 507
53 508
53 224
53 225
53 226
53 54
53 228
53 229
54 110
54 218
54 219
54 112
54 241
54 267
54 220
54 222
54 224
54 225
54 685
54 227
54 521
54 228
54 229
54 669
55 56
55 57
55 58
55 59
56 538
56 90
56 539
56 66
56 92
56 540
56 58
56 76
56 59
57 58
58 59
59 446
59 65
59 68
59 78
59 152
59 448
59 144
59 70
59 153
59 76
59 79
60 61
60 62
60 63
60 64
60 65
60 66
60 67
60 68
60 69
60 70
60 71
60 72
60 73
60 74
60 75
60 76
61 62
62 612
62 695
62 65
62 66
62 613
62 696
62 448
62 153
62 76
63 70
64 74
65 148
65 473
65 150
65 151
65 68
65 448
65 70
65 95
65 74
65 75
65 87
66 819
66 76
67 68
67 118
67 217
68 70
68 72
69 76
70 80
70 119
70 264
70 120
70 121
70 122
70 466
70 123
70 124
70 513
70 662
70 698
70 777
70 151
70 127
70 817
70 418
70 419
70 485
70 129
70 475
70 851
70 853
70 78
70 152
70 130
70 476
70 81
70 890
70 850
70 131
70 82
70 259
70 83
70 84
70 153
70 154
70 132
70 95
70 73
70 74
70 75
70 85
70 86
70 136
70 137
70 138
70 87
70 477
70 478
70 403
70 905
70 76
70 906
70 804
70 79
71 72
72 150
72 152
72 76
73 119
73 130
73 87
74 132
75 123
75 95
75 87
76 693
76 819
76 694
76 448
77 78
77 79
78 250
78 446
78 803
78 448
78 144
78 863
78 864
78 804
78 79
79 250
79 445
79 446
79 243
79 144
80 81
80 82
80 83
80 84
80 85
80 86
80 87
81 87
82 84
82 85
82 86
82 87
82 403
84 817
84 890
84 85
84 86
84 804
85 419
85 86
85 87
85 403
86 777
86 817
86 418
86 851
86 874
86 846
86 890
86 413
86 136
86 87
86 923
87 101
87 119
87 145
87 270
87 120
87 102
87 121
87 122
87 466
87 276
87 277
87 123
87 149
87 473
87 124
87 280
87 513
87 375
87 548
87 283
87 285
87 377
87 379
87 289
87 380
87 295
87 381
87 296
87 382
87 297
87 706
87 383
87 151
87 127
87 299
87 386
87 302
87 388
87 389
87 304
87 765
87 418
87 485
87 129
87 475
87 851
87 305
87 307
87 390
87 310
87 311
87 491
87 708
87 130
87 890
87 315
87 317
87 318
87 392
87 492
87 319
87 413
87 320
87 131
87 322
87 259
87 710
87 325
87 326
87 393
87 394
87 329
87 330
87 331
87 712
87 154
87 260
87 397
87 332
87 95
87 224
87 398
87 399
87 400
87 335
87 336
87 338
87 339
87 341
87 342
87 136
87 137
87 138
87 344
87 345
87 403
87 498
87 198
87 406
87 346
88 89
88 90
88 91
88 92
88 93
88 94
88 95
88 96
88 97
88 98
88 99
88 100
89 91
89 92
89 96
89 98
89 99
90 352
90 353
90 539
90 91
90 92
90 540
90 96
90 109
91 428
91 705
91 431
91 100
92 141
92 444
92 126
92 774
92 93
92 144
92 94
92 96
92 97
92 98
92 100
92 109
94 96
95 473
95 207
95 478
96 97
96 98
96 99
96 100
96 109
98 99
99 105
99 450
99 126
99 211
99 243
99 451
99 370
99 455
99 109
100 717
100 187
100 486
100 672
100 331
100 615
100 118
100 813
100 718
100 616
100 617
101 102
102 103
102 145
102 258
102 120
102 277
102 280
102 375
102 281
102 376
102 283
102 286
102 377
102 378
102 379
102 380
102 381
102 382
102 383
102 384
102 385
102 386
102 387
102 142
102 388
102 389
102 304
102 390
102 310
102 312
102 391
102 392
102 322
102 259
102 393
102 394
102 395
102 396
102 397
102 398
102 399
102 400
102 118
102 341
102 342
102 401
102 402
102 403
102 404
102 405
102 406
103 104
103 105
103 106
104 205
104 206
104 207
104 208
104 209
104 210
104 211
104 212
104 213
104 214
104 144
104 215
104 216
104 217
105 120
105 277
105 436
105 450
105 426
105 517
105 213
105 243
105 451
105 369
105 370
105 453
105 621
105 454
105 246
105 455
105 247
106 236
106 371
106 252
106 283
106 206
106 720
106 722
106 187
106 207
106 408
106 793
106 744
106 114
106 212
106 213
106 746
106 505
106 314
106 392
106 116
106 833
106 331
106 815
106 751
106 337
106 471
106 816
106 343
106 254
106 762
106 529
107 108
107 109
108 428
108 862
108 109
109 211
109 493
109 862
111 112
111 113
111 114
111 115
111 116
111 117
111 118
112 113
112 114
112 116
112 117
112 669
113 290
113 114
113 116
113 118
114 236
114 366
114 371
114 464
114 367
114 527
114 468
114 481
114 640
114 720
114 187
114 207
114 373
114 744
114 517
114 469
114 213
114 505
114 314
114 392
114 626
114 238
114 815
114 751
114 471
114 816
114 340
114 528
114 529
115 805
115 117
115 230
116 236
116 371
116 440
116 187
116 763
116 774
116 213
116 428
116 238
116 816
116 443
117 252
117 237
117 788
117 267
117 410
117 429
117 118
117 217
118 270
118 275
118 372
118 276
118 277
118 283
118 289
118 272
118 290
118 206
118 295
118 297
118 207
118 298
118 301
118 303
118 142
118 304
118 256
118 829
118 212
118 213
118 305
118 307
118 459
118 316
118 318
118 392
118 492
118 319
118 259
118 914
118 332
118 238
118 496
118 337
118 338
118 339
118 340
118 342
118 789
118 645
118 345
118 497
118 247
118 217
119 120
119 121
119 122
119 123
119 124
119 125
119 126
119 127
119 128
119 129
119 130
119 131
119 132
119 133
119 134
119 135
119 136
119 137
119 138
120 277
120 243
120 224
120 354
121 418
121 419
121 403
123 473
123 474
123 128
123 475
123 130
123 476
123 132
123 477
123 478
124 403
126 774
128 475
128 130
128 132
130 476
130 878
130 477
136 148
136 150
136 777
136 419
136 921
136 922
137 403
138 418
138 403
139 140
140 239
140 266
140 241
140 267
140 684
140 244
140 245
141 142
141 143
141 144
142 434
142 435
142 436
142 763
142 438
142 210
142 143
142 144
142 812
142 439
142 813
142 403
142 247
142 217
143 199
143 446
143 200
143 448
143 144
143 683
144 199
144 248
144 444
144 445
144 446
144 200
144 447
144 210
144 249
144 243
144 217
144 804
148 230
148 231
148 160
153 695
153 448
153 697
153 910
154 512
154 844
154 364
154 598
155 178
155 179
155 180
155 525
156 157
156 158
156 159
156 160
157 510
157 272
157 210
157 256
157 724
157 725
157 726
157 727
157 230
157 728
157 160
157 217
158 159
158 569
158 196
159 569
160 237
160 510
160 281
160 210
160 256
160 724
160 412
160 547
160 780
160 725
160 230
160 339
160 231
160 728
160 217
161 162
161 163
161 164
161 165
161 166
161 167
161 168
161 169
161 170
161 171
161 172
161 173
161 174
161 175
161 176
161 177
162 359
162 176
163 176
164 176
165 176
166 176
166 721
167 176
168 359
168 176
169 209
169 256
169 316
169 359
169 547
169 176
170 176
171 176
172 456
172 800
172 209
172 256
172 843
172 316
172 359
172 460
172 176
173 359
173 176
174 359
174 176
175 254
175 217
176 252
176 800
176 210
176 321
176 748
176 801
176 238
176 915
176 916
176 823
176 824
176 217
176 177
177 501
177 229
178 179
178 180
178 181
178 182
179 181
180 182
183 184
183 185
183 186
183 187
183 188
183 189
183 190
183 191
183 192
183 193
183 194
183 195
183 196
184 186
184 188
184 191
185 462
185 188
185 189
185 191
185 192
185 194
185 463
186 187
186 188
186 487
186 497
186 195
187 236
187 367
187 281
187 640
187 262
187 720
187 722
187 743
187 744
187 745
187 210
187 256
187 487
187 213
187 306
187 488
187 746
187 505
187 489
187 314
187 317
187 392
187 550
187 413
187 747
187 748
187 749
187 331
187 193
187 225
187 750
187 751
187 471
187 752
187 753
187 339
187 340
187 754
187 755
187 343
187 254
187 756
187 497
187 529
187 757
188 189
188 190
188 191
188 192
188 193
188 194
188 195
189 190
189 191
189 192
189 463
190 462
190 191
190 193
190 194
190 463
191 462
191 192
191 193
191 194
191 463
191 196
192 487
192 194
192 463
193 462
193 487
193 331
193 463
193 497
194 462
194 463
196 647
197 198
198 533
199 200
200 683
202 203
202 204
203 204
206 543
206 274
206 215
206 216
206 217
206 682
209 409
209 210
209 304
209 256
209 547
210 265
210 252
210 434
210 272
210 437
210 409
210 802
210 212
210 321
210 215
210 820
210 821
210 439
210 822
210 216
210 823
210 753
210 343
210 646
210 789
210 824
210 645
210 254
210 217
211 265
211 271
211 252
211 272
211 493
211 471
211 645
211 762
211 217
212 290
212 543
212 412
212 725
212 638
212 430
212 217
213 274
213 217
215 465
215 742
215 409
215 859
215 216
215 343
215 217
216 465
216 562
216 409
216 793
216 563
216 217
217 265
217 270
217 271
217 252
217 434
217 465
217 276
217 277
217 281
217 283
217 289
217 234
217 272
217 290
217 437
217 262
217 295
217 784
217 409
217 298
217 299
217 301
217 303
217 389
217 304
217 256
217 543
217 829
217 484
217 273
217 307
217 858
217 274
217 491
217 257
217 318
217 392
217 492
217 319
217 414
217 859
217 321
217 324
217 259
217 332
217 238
217 337
217 338
217 635
217 918
217 443
217 728
217 342
217 343
217 646
217 789
217 619
218 219
218 220
218 221
218 222
218 223
218 224
218 225
218 226
218 227
218 228
218 229
219 220
219 259
219 260
219 224
220 505
220 222
220 225
220 229
221 227
222 501
222 640
222 508
222 224
222 225
222 685
222 228
222 229
223 226
224 277
224 259
225 266
225 289
225 241
225 503
225 740
225 267
225 744
225 305
225 550
225 506
225 627
225 332
225 226
225 754
225 227
225 756
226 618
226 436
226 865
226 324
226 506
226 619
229 501
229 514
229 515
229 504
229 505
229 507
229 518
229 508
229 520
229 521
230 237
230 510
230 805
230 256
231 237
231 510
231 234
231 805
231 547
233 234
234 252
234 261
234 237
234 290
234 257
234 432
234 327
234 429
234 238
234 634
234 635
234 339
234 619
234 636
235 236
235 237
235 238
236 252
236 261
236 237
236 262
236 263
236 238
237 252
237 261
237 290
237 424
237 267
237 410
237 427
237 428
237 432
237 350
237 415
237 429
237 433
237 339
237 416
237 430
237 431
238 252
240 266
240 241
240 684
240 244
241 265
241 266
241 623
241 686
241 687
241 661
241 242
241 267
241 624
241 688
241 269
241 689
241 245
241 625
241 349
241 626
241 627
241 690
241 691
241 692
241 628
241 629
241 630
242 266
242 623
242 627
242 628
242 629
243 446
243 450
243 451
243 860
243 621
243 454
243 247
244 684
245 266
245 627
246 281
246 256
246 827
246 704
246 828
246 451
246 257
246 546
246 547
247 434
247 437
248 249
249 446
249 448
251 252
251 253
251 254
252 407
252 272
252 262
252 408
252 409
252 267
252 410
252 411
252 274
252 257
252 412
252 413
252 414
252 415
252 343
252 416
253 575
254 262
254 833
254 749
254 471
254 823
255 256
255 257
256 456
256 281
256 775
256 814
256 826
256 827
256 457
256 488
256 428
256 704
256 828
256 257
256 586
256 748
256 547
256 726
256 727
256 339
256 443
256 498
257 827
257 547
257 727
260 317
261 365
261 353
261 424
261 425
261 426
261 408
261 267
261 427
261 428
261 263
261 429
261 430
261 431
262 704
262 642
262 593
263 895
263 896
265 266
265 267
265 268
265 269
266 623
266 382
266 267
266 624
266 269
266 625
266 349
266 626
266 627
266 628
266 629
266 630
267 686
267 794
267 410
267 624
267 268
267 269
267 625
267 627
267 692
267 795
268 269
271 272
271 273
271 274
272 640
272 641
272 543
272 274
272 414
272 321
272 642
272 643
272 644
272 645
273 465
273 409
273 343
274 515
274 517
274 411
274 634
274 645
277 369
277 354
281 546
281 547
289 633
289 317
289 598
290 424
290 610
290 305
290 412
290 611
290 416
290 646
290 430
293 306
298 632
298 681
304 609
304 779
304 610
304 765
304 808
304 611
305 497
306 640
311 379
311 680
311 632
311 681
316 456
316 457
316 748
317 852
317 888
317 413
317 891
317 339
317 892
321 634
324 619
331 487
331 747
335 459
335 857
339 778
339 779
339 724
339 843
339 827
339 704
339 490
339 413
339 904
339 593
339 780
339 873
339 727
339 728
340 488
342 832
343 633
343 620
343 789
347 348
347 349
347 350
348 349
348 350
349 627
350 875
350 432
352 353
353 365
353 425
353 560
353 561
355 356
355 357
356 357
358 359
359 456
359 457
359 835
359 837
359 748
359 460
359 838
359 840
360 361
360 362
361 362
363 364
364 502
364 425
364 759
364 760
364 470
364 518
364 761
364 560
364 471
364 520
364 561
366 367
367 464
367 527
367 528
367 529
368 369
368 370
369 451
369 452
369 370
369 453
372 373
372 374
373 467
373 468
373 374
373 469
373 470
373 471
373 472
379 631
379 632
381 418
382 627
387 530
387 810
387 531
387 811
391 877
391 401
391 402
392 744
392 762
401 877
401 402
402 534
402 536
402 911
403 767
403 418
403 419
403 861
403 887
403 404
407 410
408 425
408 411
408 560
408 645
408 561
409 562
409 789
410 788
411 610
411 849
411 846
411 611
412 725
414 543
414 642
414 831
414 645
416 427
416 433
418 466
418 513
418 419
419 767
419 817
420 421
420 422
421 422
422 900
422 902
424 471
425 741
425 560
425 561
426 428
426 783
426 451
426 432
427 523
427 525
427 526
427 638
427 830
428 440
428 705
428 862
428 443
428 431
430 638
431 705
432 783
432 875
434 435
434 436
434 437
434 438
434 439
435 438
436 437
436 619
437 439
440 441
440 442
440 443
441 442
443 784
444 445
444 446
444 447
444 448
444 449
445 446
445 448
446 544
446 448
446 449
448 544
448 695
448 700
448 696
448 697
448 864
450 451
454 860
456 457
456 458
456 459
456 460
456 461
457 458
457 459
457 461
459 793
459 563
459 871
459 754
459 856
459 872
460 800
460 843
460 461
467 468
467 469
467 470
467 471
467 472
468 470
469 470
470 761
470 471
470 472
471 640
471 759
471 760
471 917
471 685
471 645
471 762
473 479
473 480
473 478
475 850
478 479
479 758
479 480
480 758
487 564
487 846
487 565
488 713
488 547
489 749
493 774
497 704
497 619
499 500
500 645
501 514
501 502
501 515
501 516
501 517
501 504
501 518
501 508
501 519
501 520
501 521
502 517
502 518
502 520
504 514
504 515
504 507
504 518
508 517
508 519
514 515
514 517
514 518
514 541
514 520
514 521
515 516
515 517
515 620
515 519
516 517
517 518
517 620
517 519
517 520
518 541
518 519
518 520
521 541
522 523
522 524
522 525
522 526
523 637
523 848
523 524
523 526
524 525
524 526
525 637
525 526
525 638
525 639
526 637
526 848
526 638
526 830
526 639
529 815
529 751
530 531
531 810
531 811
534 535
534 536
534 537
535 536
536 537
536 911
538 539
538 540
542 543
543 784
543 638
543 645
543 673
547 775
547 805
547 826
547 827
547 894
547 727
549 550
550 745
550 749
550 750
551 552
551 553
552 553
554 555
554 556
555 768
555 769
555 556
555 770
555 771
555 772
555 773
556 768
556 771
556 772
557 558
557 559
558 559
560 663
560 664
560 665
560 666
560 702
560 731
560 703
560 668
560 813
560 561
561 663
561 664
561 702
561 741
561 703
561 667
562 563
563 793
564 565
566 567
566 568
567 568
569 647
574 586
575 608
576 598
586 589
588 599
589 594
593 704
593 828
593 889
593 893
593 904
593 780
593 873
607 682
609 610
609 611
610 818
610 611
611 818
611 889
611 873
612 613
613 847
614 615
614 616
614 617
615 908
615 813
615 616
615 617
616 617
617 672
617 908
617 813
618 619
619 865
620 633
623 661
623 628
624 833
624 627
624 834
624 630
625 642
625 627
626 627
627 686
627 687
627 689
627 690
627 691
627 630
631 786
631 632
631 787
631 681
632 680
632 786
632 909
632 787
632 681
637 638
637 639
638 639
640 658
640 685
642 704
644 645
645 818
648 649
648 650
648 651
649 651
650 651
652 654
653 655
654 796
656 657
656 658
656 659
656 660
657 659
658 781
658 782
658 685
658 660
663 664
663 665
663 666
663 667
663 668
664 665
664 666
664 738
664 667
664 668
664 739
665 666
665 668
666 738
666 667
666 668
668 731
668 739
670 671
670 672
671 672
672 717
672 718
674 675
674 676
675 676
677 678
677 679
678 679
680 681
681 786
681 909
681 787
682 879
685 917
688 692
693 694
694 819
695 697
696 699
696 700
697 700
697 910
699 700
701 702
701 703
702 703
702 806
702 807
703 806
703 807
704 826
704 828
716 750
717 718
722 723
727 778
729 730
729 731
729 732
729 733
729 734
729 735
729 736
729 737
730 731
730 732
730 733
730 734
730 735
730 736
731 733
731 866
733 734
733 737
733 866
734 736
743 749
744 797
745 749
749 785
749 876
749 752
749 753
749 907
754 871
754 756
754 872
755 757
756 913
759 760
759 761
759 762
764 765
769 771
769 772
770 771
770 772
771 772
771 773
778 779
778 780
779 808
779 780
780 843
781 782
786 787
790 791
790 792
791 792
794 795
800 801
803 804
804 863
806 807
808 898
808 899
810 811
828 873
833 834
846 849
855 857
858 859
871 872
873 889
895 896
898 899
898 919
899 919
900 901
900 902
901 902
