117 200
117 257
117 181
117 151
117 161
117 46
117 143
117 262
117 300
117 220
117 320
117 202
117 64
117 305
117 296
117 252
117 182
117 306
117 168
117 215
117 211
117 273
117 91
117 67
117 90
117 124
117 188
117 304
117 201
117 221
117 79
117 272
117 249
117 125
117 203
117 126
117 185
117 147
117 128
117 75
117 77
117 162
117 69
117 113
117 76
117 260
117 254
117 247
117 149
117 165
117 310
117 145
117 108
117 146
117 111
117 312
117 66
117 218
117 298
117 292
117 229
117 178
117 173
117 176
117 175
117 309
117 231
117 130
117 295
117 216
117 171
117 291
117 166
117 196
117 245
117 232
117 118
117 93
117 287
117 160
117 158
117 94
117 275
117 7
117 224
117 283
117 100
117 255
117 132
117 217
117 44
117 127
117 98
117 259
117 82
117 156
117 180
117 197
117 142
117 248
117 89
117 239
117 228
117 148
117 71
117 119
117 191
117 95
117 135
117 138
117 136
117 129
117 70
117 99
117 110
117 139
117 81
117 83
117 190
117 172
117 50
117 157
117 72
117 92
117 80
117 68
117 105
117 78
117 153
117 101
117 87
117 152
117 163
117 133
117 56
117 106
117 154
117 144
117 167
200 260
200 254
200 247
200 181
200 143
200 202
200 196
200 252
200 182
200 177
200 184
200 235
200 149
200 165
200 310
200 108
200 146
200 257
200 111
200 312
200 66
200 218
200 298
200 151
200 292
200 161
200 46
200 229
200 262
200 173
200 176
200 175
200 231
200 130
200 216
200 171
200 291
200 64
200 166
200 245
200 232
200 315
200 93
200 244
200 275
200 7
200 168
200 317
200 44
200 250
200 82
200 212
200 249
200 241
200 74
200 213
200 107
200 223
200 227
200 73
200 137
200 150
200 192
200 198
200 164
200 204
200 123
257 260
257 254
257 247
257 149
257 165
257 108
257 146
257 181
257 151
257 46
257 143
257 262
257 202
257 296
257 252
257 182
257 168
257 215
257 273
257 249
257 263
257 111
257 312
257 66
257 218
257 298
257 292
257 161
257 229
257 173
257 176
257 175
257 231
257 130
257 295
257 216
257 171
257 64
257 166
257 196
257 245
257 232
257 93
257 287
257 158
257 244
257 275
257 224
257 132
257 127
257 250
257 180
257 197
257 119
257 129
257 207
257 230
257 167
181 260
181 254
181 247
181 149
181 165
181 310
181 145
181 108
181 146
181 111
181 312
181 300
181 215
181 273
181 91
181 221
181 105
181 159
181 195
181 66
181 218
181 298
181 151
181 292
181 161
181 46
181 229
181 178
181 143
181 262
181 173
181 176
181 220
181 175
181 309
181 231
181 130
181 320
181 295
181 122
181 216
181 171
181 291
181 202
181 166
181 305
181 296
181 245
181 232
181 118
181 252
181 93
181 160
181 158
181 306
181 224
181 283
181 211
181 255
181 188
181 132
181 304
181 238
181 127
181 180
181 197
181 89
181 249
181 119
181 191
181 125
181 104
181 129
181 139
181 81
181 190
181 205
181 147
181 157
181 219
181 162
181 225
181 153
181 101
181 163
181 179
181 210
181 208
181 144
181 194
181 206
151 260
151 254
151 247
151 149
151 165
151 310
151 145
151 108
151 146
151 111
151 66
151 218
151 298
151 46
151 262
151 300
151 220
151 296
151 182
151 306
151 91
151 90
151 124
151 188
151 304
151 201
151 221
151 79
151 125
151 126
151 214
151 128
151 155
151 292
151 161
151 229
151 178
151 173
151 176
151 175
151 309
151 231
151 130
151 122
151 216
151 171
151 291
151 166
151 305
151 232
151 118
151 93
151 287
151 160
151 158
151 94
151 283
151 211
151 100
151 255
151 132
151 217
151 127
151 98
151 156
151 197
151 142
151 89
151 148
151 71
151 191
151 95
151 169
151 135
151 136
151 99
151 251
151 110
151 131
151 185
151 190
151 157
151 112
151 116
151 92
151 109
151 209
151 114
151 102
151 186
161 260
161 254
161 247
161 149
161 165
161 310
161 108
161 111
161 66
161 218
161 298
161 292
161 146
161 143
161 300
161 220
161 320
161 306
161 91
161 90
161 124
161 304
161 201
161 79
161 272
161 229
161 178
161 173
161 176
161 175
161 309
161 231
161 130
161 216
161 171
161 291
161 166
161 305
161 118
161 93
161 287
161 160
161 158
161 94
161 283
161 211
161 100
161 217
161 236
161 142
161 248
161 71
161 95
161 138
161 251
161 242
161 109
46 260
46 254
46 247
46 149
46 165
46 310
46 108
46 146
46 111
46 312
46 66
46 218
46 292
46 143
46 202
46 252
46 182
46 55
46 73
46 85
46 229
46 262
46 176
46 175
46 231
46 130
46 122
46 171
46 64
46 196
46 245
46 315
46 93
46 244
46 7
46 168
46 44
46 82
46 25
46 3
46 74
46 58
46 32
46 38
46 141
46 41
46 28
46 57
46 53
46 47
46 59
46 48
143 260
143 254
143 247
143 149
143 165
143 108
143 111
143 66
143 218
143 298
143 292
143 252
143 182
143 215
143 273
143 85
143 103
143 262
143 176
143 175
143 171
143 291
143 202
143 64
143 196
143 296
143 245
143 232
143 244
143 7
143 224
143 168
143 132
143 44
143 82
143 180
143 212
143 249
143 61
143 81
143 75
143 58
143 80
143 49
143 52
143 62
143 84
143 45
143 141
143 97
143 39
143 54
143 167
262 260
262 254
262 247
262 149
262 165
262 310
262 111
262 312
262 66
262 218
262 292
262 229
262 202
262 252
262 182
262 249
262 176
262 175
262 216
262 171
262 64
262 196
262 245
262 232
262 93
262 244
262 275
262 168
262 212
300 260
300 254
300 247
300 149
300 165
300 310
300 145
300 108
300 146
300 111
300 66
300 218
300 298
300 292
300 229
300 178
300 173
300 176
300 220
300 175
300 309
300 231
300 130
300 320
300 122
300 216
300 291
300 166
300 305
300 118
300 93
300 160
300 158
300 306
300 304
300 286
300 285
300 299
220 260
220 254
220 149
220 310
220 145
220 108
220 146
220 111
220 298
220 229
220 178
220 173
220 320
220 306
220 91
220 90
220 304
220 201
220 321
220 272
220 128
220 175
220 309
220 130
220 216
220 305
220 118
220 94
220 283
220 211
220 124
220 100
220 217
220 259
220 156
220 236
220 142
220 248
220 297
220 148
220 299
220 324
220 251
220 242
220 193
320 260
320 254
320 149
320 310
320 108
320 146
320 298
320 229
320 173
320 176
320 321
320 324
320 216
320 118
320 322
320 323
202 260
202 247
202 165
202 310
202 108
202 111
202 66
202 218
202 292
202 252
202 182
202 250
202 64
202 245
202 287
202 244
202 168
202 249
202 152
64 260
64 254
64 247
64 165
64 111
64 66
64 218
64 292
64 175
64 252
64 182
64 168
64 58
64 55
64 73
64 53
64 65
64 196
64 245
64 244
64 7
64 44
64 82
64 74
64 107
64 38
64 141
64 150
64 57
64 47
64 115
64 59
64 86
64 63
305 260
305 254
305 149
305 310
305 145
305 108
305 146
305 111
305 298
305 292
305 229
305 178
305 173
305 175
305 309
305 130
305 216
305 306
305 118
305 283
305 142
296 260
296 254
296 165
296 218
296 292
296 229
296 231
296 295
296 216
296 291
296 261
296 287
296 275
296 307
252 260
252 254
252 247
252 165
252 111
252 66
252 218
252 292
252 196
252 245
252 244
252 182
252 212
182 260
182 247
182 165
182 66
182 218
182 292
182 196
182 245
182 244
182 168
182 212
182 223
182 137
306 260
306 254
306 145
306 108
306 146
306 111
306 66
306 298
306 292
306 229
306 178
306 173
306 175
306 309
306 231
306 130
306 122
306 216
306 166
306 310
306 304
306 299
168 260
168 247
168 165
168 218
168 196
168 245
168 212
215 260
215 254
215 165
215 292
215 231
215 295
215 171
215 261
215 224
215 141
215 238
215 197
211 260
211 254
211 149
211 145
211 108
211 146
211 111
211 229
211 173
211 176
211 175
211 216
211 130
211 201
273 260
273 247
273 165
273 66
273 218
273 292
273 232
273 228
273 249
91 254
91 149
91 145
91 108
91 146
91 111
91 298
91 229
91 178
91 173
91 175
91 118
91 94
91 90
91 142
67 108
67 146
67 124
67 79
67 95
90 254
90 149
90 145
90 108
90 146
90 111
90 229
90 178
90 173
90 176
90 175
90 118
90 94
124 254
124 146
124 111
124 298
124 229
124 178
124 173
124 176
124 130
124 169
188 260
188 254
188 145
188 111
188 66
188 229
188 178
188 175
188 231
188 130
188 216
188 166
188 160
188 255
188 191
304 254
304 146
304 111
304 298
304 292
304 229
304 173
304 175
304 130
304 260
304 310
304 145
201 260
201 254
201 149
201 145
201 108
201 146
201 111
201 229
201 173
201 176
201 175
201 216
201 203
201 189
221 260
221 254
221 229
221 175
221 231
221 216
221 191
79 145
79 108
79 146
79 176
79 175
79 100
272 260
272 254
272 108
272 146
272 298
272 229
272 173
272 176
272 122
272 283
272 259
272 321
272 324
272 258
249 260
249 247
249 165
249 218
249 196
249 245
125 111
125 175
125 216
125 160
125 136
203 229
203 173
203 176
203 217
203 191
126 254
126 136
185 229
185 191
147 165
147 129
147 157
147 144
128 254
128 100
75 66
75 81
75 141
75 97
77 66
77 78
162 122
162 121
69 111
69 56
76 93
76 70
76 72
260 247
260 149
260 310
260 145
260 146
260 111
260 312
260 66
260 218
260 298
260 292
260 176
260 309
260 231
260 295
260 122
260 171
260 291
260 166
260 196
260 245
260 93
260 275
260 224
260 283
260 132
260 238
260 217
260 127
260 250
260 253
260 274
260 197
260 307
260 239
260 212
260 285
260 270
260 280
260 266
260 241
260 308
260 205
260 80
260 219
260 289
260 265
260 225
260 269
260 141
260 240
260 277
260 278
260 290
260 246
260 303
260 183
260 279
260 152
260 256
260 268
260 167
260 254
260 165
260 108
260 229
260 178
260 173
260 175
260 130
260 216
260 232
260 118
260 287
260 160
260 158
260 244
260 255
260 180
260 302
260 228
260 282
260 172
260 223
260 84
260 293
260 281
260 267
260 276
247 254
247 310
247 66
247 298
247 231
247 171
247 291
247 196
247 315
247 93
247 244
247 241
247 213
247 330
247 243
247 167
247 149
247 165
247 108
247 146
247 111
247 312
247 218
247 292
247 229
247 173
247 176
247 175
247 130
247 216
247 166
247 232
247 160
247 158
247 275
247 7
247 317
247 82
247 212
247 172
247 152
149 254
149 310
149 145
149 66
149 218
149 298
149 291
149 321
149 323
149 165
149 108
149 146
149 111
149 229
149 178
149 173
149 176
149 175
149 309
149 130
149 295
149 166
149 118
149 158
149 94
149 324
149 319
310 254
310 165
310 66
310 291
310 93
310 321
310 286
310 323
310 145
310 108
310 146
310 111
310 298
310 292
310 229
310 178
310 173
310 176
310 175
310 309
310 231
310 130
310 295
310 216
310 166
310 118
310 283
310 142
310 324
310 319
145 254
145 165
145 66
145 298
145 231
145 122
145 171
145 291
145 118
145 93
145 167
145 108
145 146
145 111
145 292
145 229
145 178
145 173
145 176
145 175
145 309
145 130
145 216
145 166
145 160
145 158
145 94
145 283
145 100
145 217
145 259
145 236
145 71
146 254
146 165
146 108
146 66
146 218
146 298
146 292
146 176
146 309
146 231
146 122
146 171
146 291
146 166
146 93
146 283
146 217
146 98
146 321
146 142
146 95
146 299
146 152
146 323
146 111
146 229
146 178
146 173
146 175
146 130
146 216
146 118
146 160
146 158
146 94
146 259
146 248
146 297
146 71
146 324
146 319
111 254
111 165
111 108
111 66
111 218
111 298
111 292
111 176
111 309
111 231
111 295
111 122
111 171
111 291
111 166
111 93
111 98
111 156
111 89
111 135
111 136
111 70
111 99
111 83
111 229
111 178
111 173
111 175
111 130
111 216
111 118
111 160
111 158
111 94
111 7
111 100
111 148
111 169
111 110
312 254
312 165
312 66
312 218
312 245
312 315
312 311
312 328
312 317
312 318
312 313
312 330
312 316
312 325
312 314
312 7
66 254
66 165
66 108
66 291
66 196
66 245
66 132
66 42
66 218
66 298
66 292
66 229
66 178
66 173
66 176
66 175
66 309
66 231
66 130
66 295
66 122
66 216
66 171
66 166
66 232
66 118
66 93
66 160
66 158
66 94
66 7
66 44
66 127
66 98
66 89
66 119
66 135
66 70
66 61
66 110
66 81
66 50
66 49
66 52
66 62
66 51
66 45
66 78
66 43
66 40
66 152
218 254
218 165
218 108
218 298
218 231
218 122
218 171
218 196
218 245
218 93
218 132
218 292
218 229
218 173
218 175
218 130
218 216
218 166
218 232
218 158
218 244
218 275
218 180
218 197
298 254
298 165
298 108
298 231
298 122
298 291
298 93
298 321
298 286
298 285
298 292
298 229
298 178
298 173
298 176
298 175
298 309
298 130
298 216
298 171
298 166
298 118
298 160
298 158
298 94
298 283
298 255
298 217
298 142
298 297
298 324
292 254
292 165
292 108
292 295
292 171
292 291
292 166
292 245
292 224
292 283
292 132
292 285
292 280
292 308
292 289
292 141
292 229
292 178
292 173
292 176
292 309
292 130
292 216
292 261
292 232
292 287
292 158
292 275
292 307
292 302
292 282
292 183
292 152
176 254
176 165
176 108
176 229
176 178
176 173
176 291
176 156
176 95
176 140
176 309
176 130
176 118
176 94
176 217
176 259
176 239
176 71
176 138
176 189
309 254
309 108
309 229
309 178
309 173
309 175
309 231
309 122
309 291
309 166
309 93
309 142
309 301
309 130
309 216
309 118
231 254
231 165
231 108
231 229
231 178
231 175
231 291
231 93
231 224
231 132
231 284
231 295
231 216
231 171
231 166
231 287
231 255
231 238
231 197
231 239
231 282
295 254
295 165
295 175
295 122
295 291
295 224
295 274
295 307
295 216
295 261
295 232
295 287
295 275
295 255
295 302
122 254
122 165
122 178
122 130
122 301
122 216
122 171
122 166
122 158
122 104
171 254
171 165
171 229
171 178
171 173
171 175
171 130
171 216
171 93
171 224
171 132
171 141
171 166
171 197
291 254
291 165
291 229
291 178
291 173
291 175
291 130
291 216
291 261
291 166
291 255
166 254
166 165
166 108
166 229
166 178
166 173
166 175
166 130
166 216
166 301
166 160
166 158
166 98
166 104
166 138
166 190
196 165
196 245
196 244
196 250
196 212
245 254
245 165
245 244
245 212
93 254
93 165
93 108
93 229
93 178
93 175
93 130
93 216
93 89
93 158
93 98
93 72
275 254
275 165
275 261
275 232
275 287
275 253
275 274
224 254
224 165
224 261
224 141
283 254
283 229
283 173
283 175
283 216
283 285
283 299
283 259
283 297
132 254
132 165
132 139
132 127
238 254
238 229
238 175
238 216
238 261
238 205
217 254
217 229
217 178
217 173
217 175
217 216
217 248
217 234
127 165
127 141
250 165
250 241
253 261
253 232
253 287
253 228
274 261
274 232
274 287
197 165
197 205
197 141
307 287
239 254
239 229
239 216
239 255
212 165
212 244
212 198
212 204
212 199
285 254
285 229
285 216
285 280
285 265
270 254
270 175
270 216
270 255
270 282
270 280
270 266
270 265
280 254
280 229
280 216
280 282
280 265
280 266
266 254
266 255
266 282
266 265
241 165
241 244
241 223
205 165
205 208
80 165
80 84
219 225
265 254
265 271
269 268
141 165
141 232
141 228
141 38
141 44
141 120
183 254
183 165
152 165
152 130
167 165
254 165
254 108
254 229
254 178
254 173
254 175
254 130
254 216
254 118
254 287
254 160
254 158
254 94
254 255
254 259
254 156
254 236
254 321
254 248
254 297
254 286
254 282
254 191
254 299
254 136
254 233
254 222
254 131
254 294
254 214
254 271
254 264
254 288
254 232
254 100
254 148
254 258
165 44
165 89
165 129
165 74
165 139
165 81
165 50
165 174
165 49
165 105
165 40
165 108
165 229
165 173
165 175
165 130
165 216
165 232
165 287
165 158
165 244
165 82
165 180
165 119
165 61
165 172
165 52
165 62
108 229
108 178
108 173
108 175
108 130
108 160
108 158
108 94
108 216
108 118
108 169
229 178
229 175
229 160
229 158
229 156
229 236
229 142
229 297
229 286
229 299
229 251
229 294
229 214
229 271
229 234
229 242
229 237
229 226
229 173
229 130
229 216
229 118
229 287
229 94
229 100
229 255
229 259
229 248
229 148
229 138
229 233
229 222
229 131
229 258
229 189
178 175
178 130
178 216
178 118
178 160
178 158
178 94
178 100
178 259
173 175
173 130
173 160
173 158
173 142
173 88
173 216
173 118
173 94
173 100
173 131
173 112
175 98
175 191
175 136
175 130
175 216
175 232
175 118
175 158
175 94
175 100
175 255
130 216
130 118
130 94
130 169
216 158
216 282
216 191
216 118
216 255
118 94
287 261
160 98
160 136
160 99
160 190
160 92
160 158
160 138
160 110
160 157
94 100
255 271
259 248
156 140
156 148
321 324
248 258
297 299
282 271
136 138
136 99
315 313
315 311
315 317
315 318
315 316
315 314
235 227
323 319
44 49
44 45
44 54
44 57
44 53
44 82
44 61
44 58
44 62
44 39
44 60
89 72
89 70
129 119
129 81
129 144
129 159
74 107
74 73
74 150
74 115
74 86
139 81
139 105
81 50
81 52
81 105
49 61
49 62
49 45
49 39
49 54
49 60
105 119
40 52
142 169
95 71
135 133
70 56
70 110
70 72
70 68
99 110
99 92
311 317
328 326
328 329
328 327
317 318
313 316
316 314
55 58
55 57
55 59
55 48
73 115
85 82
103 82
103 96
58 82
58 53
58 57
58 59
58 63
53 82
53 57
53 59
65 150
65 115
65 86
261 232
261 228
232 228
7 25
7 3
7 12
7 22
7 2
7 1
7 4
7 35
7 15
7 5
7 34
7 27
7 29
7 26
7 23
7 0
7 6
7 37
7 36
7 33
25 32
25 28
25 30
25 21
25 3
25 24
3 1
3 0
12 5
12 6
12 20
12 17
12 16
12 11
12 19
12 18
12 9
12 8
12 13
12 14
12 10
22 23
2 4
1 0
35 37
35 34
15 21
5 6
34 27
29 33
326 331
326 329
326 327
45 61
45 62
45 54
45 39
54 61
54 62
54 39
54 60
57 82
57 59
82 84
82 96
84 96
180 187
72 68
119 101
138 134
32 28
32 31
28 30
30 31
107 115
150 115
56 68
61 62
61 39
61 60
62 60
39 60
157 170
170 153
170 154
114 102
16 18
16 19
11 9
11 8
19 18
9 8
9 10
8 10
137 123
153 163
101 106
47 48
48 59
59 63
194 206
37 36
